0
[1, 5, 4, 3, 2, 6]
[6, 4, 2, 5, 3, 1]
[4, 1, 3, 6, 5, 2]
[5, 2, 1, 4, 6, 3]
[2, 3, 6, 1, 4, 5]
[3, 6, 5, 2, 1, 4]
Solved KenKen Puzzle (BackTracking):
[1, 5, 4, 3, 2, 6]
[6, 4, 2, 5, 3, 1]
[4, 1, 3, 6, 5, 2]
[5, 2, 1, 4, 6, 3]
[2, 3, 6, 1, 4, 5]
[3, 6, 5, 2, 1, 4]
Execution Time: 0.221282 seconds
Solved KenKen Puzzle (CSP):
[1, 2, 3, 4, 5, 6]
[2, 1, 4, 3, 6, 5]
[4, 3, 5, 6, 1, 2]
[6, 4, 2, 5, 3, 1]
[5, 6, 1, 2, 4, 3]
[3, 5, 6, 1, 2, 4]
Execution Time: 0.142831 seconds
-----------------------
1
[3, 5, 4, 6, 1, 2]
[4, 2, 6, 1, 3, 5]
[5, 3, 1, 2, 6, 4]
[6, 4, 2, 3, 5, 1]
[2, 1, 3, 5, 4, 6]
[1, 6, 5, 4, 2, 3]
Solved KenKen Puzzle (BackTracking):
[3, 2, 4, 6, 1, 5]
[4, 5, 3, 1, 6, 2]
[1, 6, 5, 2, 3, 4]
[6, 4, 2, 3, 5, 1]
[2, 1, 6, 5, 4, 3]
[5, 3, 1, 4, 2, 6]
Execution Time: 2.721875 seconds
Solved KenKen Puzzle (CSP):
[1, 2, 3, 4, 5, 6]
[2, 1, 4, 3, 6, 5]
[3, 4, 5, 6, 1, 2]
[5, 3, 6, 1, 2, 4]
[4, 6, 2, 5, 3, 1]
[6, 5, 1, 2, 4, 3]
Execution Time: 0.006732 seconds
-----------------------
2
[4, 6, 3, 1, 2, 5]
[2, 4, 6, 5, 1, 3]
[1, 3, 5, 2, 4, 6]
[6, 1, 2, 3, 5, 4]
[5, 2, 4, 6, 3, 1]
[3, 5, 1, 4, 6, 2]
Solved KenKen Puzzle (BackTracking):
[4, 6, 3, 1, 2, 5]
[2, 4, 6, 5, 1, 3]
[1, 2, 5, 3, 4, 6]
[6, 3, 4, 2, 5, 1]
[5, 1, 2, 6, 3, 4]
[3, 5, 1, 4, 6, 2]
Execution Time: 1.363373 seconds
Solved KenKen Puzzle (CSP):
[1, 2, 3, 4, 5, 6]
[2, 4, 1, 3, 6, 5]
[3, 1, 5, 6, 2, 4]
[4, 3, 6, 5, 1, 2]
[5, 6, 2, 1, 4, 3]
[6, 5, 4, 2, 3, 1]
Execution Time: 0.239138 seconds
-----------------------
3
[4, 2, 5, 3, 1, 6]
[2, 4, 3, 5, 6, 1]
[3, 6, 2, 1, 5, 4]
[6, 1, 4, 2, 3, 5]
[1, 5, 6, 4, 2, 3]
[5, 3, 1, 6, 4, 2]
Solved KenKen Puzzle (BackTracking):
[2, 4, 5, 3, 1, 6]
[4, 2, 3, 5, 6, 1]
[3, 6, 2, 1, 5, 4]
[6, 1, 4, 2, 3, 5]
[1, 5, 6, 4, 2, 3]
[5, 3, 1, 6, 4, 2]
Execution Time: 0.078404 seconds
Solved KenKen Puzzle (CSP):
[1, 2, 3, 5, 4, 6]
[2, 1, 5, 3, 6, 4]
[3, 4, 1, 6, 5, 2]
[5, 6, 4, 1, 2, 3]
[4, 3, 6, 2, 1, 5]
[6, 5, 2, 4, 3, 1]
Execution Time: 0.004773 seconds
-----------------------
4
[4, 5, 3, 1, 2, 6]
[5, 2, 1, 6, 3, 4]
[1, 4, 6, 3, 5, 2]
[3, 6, 4, 2, 1, 5]
[6, 3, 2, 5, 4, 1]
[2, 1, 5, 4, 6, 3]
Solved KenKen Puzzle (BackTracking):
[4, 5, 3, 1, 2, 6]
[5, 2, 1, 6, 3, 4]
[1, 4, 6, 3, 5, 2]
[3, 6, 4, 2, 1, 5]
[6, 3, 2, 5, 4, 1]
[2, 1, 5, 4, 6, 3]
Execution Time: 0.043692 seconds
Solved KenKen Puzzle (CSP):
[1, 2, 3, 4, 5, 6]
[2, 1, 5, 3, 6, 4]
[3, 5, 4, 6, 1, 2]
[5, 4, 6, 2, 3, 1]
[6, 3, 2, 1, 4, 5]
[4, 6, 1, 5, 2, 3]
Execution Time: 0.002032 seconds
-----------------------