0
[1, 5, 7, 6, 4, 3, 2]
[4, 3, 2, 5, 1, 7, 6]
[3, 1, 5, 2, 6, 4, 7]
[6, 7, 1, 3, 5, 2, 4]
[7, 2, 6, 4, 3, 1, 5]
[2, 6, 4, 1, 7, 5, 3]
[5, 4, 3, 7, 2, 6, 1]
Solved KenKen Puzzle (BackTracking):
[1, 5, 7, 6, 4, 3, 2]
[2, 3, 4, 5, 1, 7, 6]
[5, 1, 3, 2, 6, 4, 7]
[6, 7, 1, 3, 5, 2, 4]
[7, 2, 6, 4, 3, 1, 5]
[4, 6, 2, 1, 7, 5, 3]
[3, 4, 5, 7, 2, 6, 1]
Execution Time: 0.541232 seconds
Solved KenKen Puzzle (CSP):
[1, 5, 7, 2, 3, 4, 6]
[2, 1, 3, 4, 5, 6, 7]
[3, 2, 1, 5, 6, 7, 4]
[4, 3, 2, 6, 7, 1, 5]
[5, 4, 6, 7, 1, 2, 3]
[6, 7, 4, 3, 2, 5, 1]
[7, 6, 5, 1, 4, 3, 2]
Execution Time: 0.003351 seconds
-----------------------
1
[2, 3, 5, 7, 4, 6, 1]
[6, 7, 4, 3, 5, 1, 2]
[3, 5, 7, 1, 2, 4, 6]
[7, 4, 2, 6, 1, 5, 3]
[4, 6, 1, 5, 3, 2, 7]
[1, 2, 6, 4, 7, 3, 5]
[5, 1, 3, 2, 6, 7, 4]
Solved KenKen Puzzle (BackTracking):
[2, 3, 5, 7, 4, 1, 6]
[6, 7, 4, 3, 2, 5, 1]
[3, 4, 7, 1, 5, 6, 2]
[7, 5, 2, 6, 1, 4, 3]
[4, 6, 1, 5, 3, 2, 7]
[1, 2, 6, 4, 7, 3, 5]
[5, 1, 3, 2, 6, 7, 4]
Execution Time: 7.214547 seconds
Solved KenKen Puzzle (CSP):
[1, 2, 4, 5, 7, 3, 6]
[2, 1, 3, 6, 4, 5, 7]
[3, 4, 7, 2, 1, 6, 5]
[4, 7, 5, 3, 6, 1, 2]
[5, 3, 6, 1, 2, 7, 4]
[7, 6, 1, 4, 5, 2, 3]
[6, 5, 2, 7, 3, 4, 1]
Execution Time: 0.077235 seconds
-----------------------
2
[7, 1, 4, 3, 6, 5, 2]
[2, 3, 7, 6, 1, 4, 5]
[1, 2, 3, 4, 5, 6, 7]
[3, 4, 6, 5, 2, 7, 1]
[4, 5, 2, 7, 3, 1, 6]
[5, 6, 1, 2, 7, 3, 4]
[6, 7, 5, 1, 4, 2, 3]
Solved KenKen Puzzle (BackTracking):
[7, 1, 4, 3, 6, 5, 2]
[2, 3, 7, 6, 1, 4, 5]
[1, 2, 3, 4, 5, 6, 7]
[3, 4, 6, 5, 2, 7, 1]
[4, 5, 2, 7, 3, 1, 6]
[5, 6, 1, 2, 7, 3, 4]
[6, 7, 5, 1, 4, 2, 3]
Execution Time: 216.776996 seconds
Solved KenKen Puzzle (CSP):
[1, 2, 3, 4, 5, 6, 7]
[2, 1, 4, 3, 7, 5, 6]
[3, 4, 1, 7, 6, 2, 5]
[4, 3, 6, 5, 1, 7, 2]
[6, 5, 7, 2, 4, 3, 1]
[5, 7, 2, 6, 3, 1, 4]
[7, 6, 5, 1, 2, 4, 3]
Execution Time: 63.585243 seconds
-----------------------
3
[6, 7, 5, 4, 3, 1, 2]
[5, 6, 7, 1, 2, 4, 3]
[1, 3, 2, 6, 4, 5, 7]
[4, 5, 6, 2, 7, 3, 1]
[7, 1, 4, 3, 5, 2, 6]
[3, 2, 1, 5, 6, 7, 4]
[2, 4, 3, 7, 1, 6, 5]
Solved KenKen Puzzle (BackTracking):
[6, 7, 5, 4, 3, 1, 2]
[1, 3, 6, 2, 4, 5, 7]
[4, 5, 7, 6, 2, 3, 1]
[5, 6, 2, 1, 7, 4, 3]
[7, 1, 4, 3, 5, 2, 6]
[3, 2, 1, 5, 6, 7, 4]
[2, 4, 3, 7, 1, 6, 5]
Execution Time: 844.005584 seconds
Solved KenKen Puzzle (CSP):
[1, 2, 3, 4, 5, 6, 7]
[2, 1, 4, 3, 7, 5, 6]
[3, 4, 1, 5, 6, 7, 2]
[4, 5, 6, 7, 1, 2, 3]
[5, 3, 7, 6, 2, 1, 4]
[6, 7, 2, 1, 3, 4, 5]
[7, 6, 5, 2, 4, 3, 1]
Execution Time: 0.003328 seconds
-----------------------
4
[6, 2, 4, 7, 1, 5, 3]
[1, 7, 5, 3, 4, 6, 2]
[7, 6, 2, 4, 3, 1, 5]
[5, 4, 6, 2, 7, 3, 1]
[4, 1, 3, 5, 6, 2, 7]
[2, 3, 1, 6, 5, 7, 4]
[3, 5, 7, 1, 2, 4, 6]
Solved KenKen Puzzle (BackTracking):
[6, 2, 4, 7, 1, 5, 3]
[1, 5, 7, 3, 4, 6, 2]
[7, 6, 2, 4, 3, 1, 5]
[5, 4, 6, 2, 7, 3, 1]
[4, 1, 3, 5, 6, 2, 7]
[2, 3, 1, 6, 5, 7, 4]
[3, 7, 5, 1, 2, 4, 6]
Execution Time: 428.366501 seconds
Solved KenKen Puzzle (CSP):
[1, 2, 4, 5, 7, 6, 3]
[2, 1, 3, 7, 4, 5, 6]
[3, 4, 7, 1, 6, 2, 5]
[4, 3, 2, 6, 5, 1, 7]
[5, 6, 1, 4, 3, 7, 2]
[6, 7, 5, 2, 1, 3, 4]
[7, 5, 6, 3, 2, 4, 1]
Execution Time: 0.000000 seconds
-----------------------